1.000000 0.950000 0.902500 0.857375 0.814506 0.773781 0.735092 0.698337 0.663420 0.630249 0.598737 0.568800 0.540360 0.513342 0.487675 0.463291 0.440127 0.418120 0.397214 0.377354
0.950000 1.000000 0.950000 0.902500 0.857375 0.814506 0.773781 0.735092 0.698337 0.663420 0.630249 0.598737 0.568800 0.540360 0.513342 0.487675 0.463291 0.440127 0.418120 0.397214
0.902500 0.950000 1.000000 0.950000 0.902500 0.857375 0.814506 0.773781 0.735092 0.698337 0.663420 0.630249 0.598737 0.568800 0.540360 0.513342 0.487675 0.463291 0.440127 0.418120
0.857375 0.902500 0.950000 1.000000 0.950000 0.902500 0.857375 0.814506 0.773781 0.735092 0.698337 0.663420 0.630249 0.598737 0.568800 0.540360 0.513342 0.487675 0.463291 0.440127
0.814506 0.857375 0.902500 0.950000 1.000000 0.950000 0.902500 0.857375 0.814506 0.773781 0.735092 0.698337 0.663420 0.630249 0.598737 0.568800 0.540360 0.513342 0.487675 0.463291
0.773781 0.814506 0.857375 0.902500 0.950000 1.000000 0.950000 0.902500 0.857375 0.814506 0.773781 0.735092 0.698337 0.663420 0.630249 0.598737 0.568800 0.540360 0.513342 0.487675
0.735092 0.773781 0.814506 0.857375 0.902500 0.950000 1.000000 0.950000 0.902500 0.857375 0.814506 0.773781 0.735092 0.698337 0.663420 0.630249 0.598737 0.568800 0.540360 0.513342
0.698337 0.735092 0.773781 0.814506 0.857375 0.902500 0.950000 1.000000 0.950000 0.902500 0.857375 0.814506 0.773781 0.735092 0.698337 0.663420 0.630249 0.598737 0.568800 0.540360
0.663420 0.698337 0.735092 0.773781 0.814506 0.857375 0.902500 0.950000 1.000000 0.950000 0.902500 0.857375 0.814506 0.773781 0.735092 0.698337 0.663420 0.630249 0.598737 0.568800
0.630249 0.663420 0.698337 0.735092 0.773781 0.814506 0.857375 0.902500 0.950000 1.000000 0.950000 0.902500 0.857375 0.814506 0.773781 0.735092 0.698337 0.663420 0.630249 0.598737
0.598737 0.630249 0.663420 0.698337 0.735092 0.773781 0.814506 0.857375 0.902500 0.950000 1.000000 0.950000 0.902500 0.857375 0.814506 0.773781 0.735092 0.698337 0.663420 0.630249
0.568800 0.598737 0.630249 0.663420 0.698337 0.735092 0.773781 0.814506 0.857375 0.902500 0.950000 1.000000 0.950000 0.902500 0.857375 0.814506 0.773781 0.735092 0.698337 0.663420
0.540360 0.568800 0.598737 0.630249 0.663420 0.698337 0.735092 0.773781 0.814506 0.857375 0.902500 0.950000 1.000000 0.950000 0.902500 0.857375 0.814506 0.773781 0.735092 0.698337
0.513342 0.540360 0.568800 0.598737 0.630249 0.663420 0.698337 0.735092 0.773781 0.814506 0.857375 0.902500 0.950000 1.000000 0.950000 0.902500 0.857375 0.814506 0.773781 0.735092
0.487675 0.513342 0.540360 0.568800 0.598737 0.630249 0.663420 0.698337 0.735092 0.773781 0.814506 0.857375 0.902500 0.950000 1.000000 0.950000 0.902500 0.857375 0.814506 0.773781
0.463291 0.487675 0.513342 0.540360 0.568800 0.598737 0.630249 0.663420 0.698337 0.735092 0.773781 0.814506 0.857375 0.902500 0.950000 1.000000 0.950000 0.902500 0.857375 0.814506
0.440127 0.463291 0.487675 0.513342 0.540360 0.568800 0.598737 0.630249 0.663420 0.698337 0.735092 0.773781 0.814506 0.857375 0.902500 0.950000 1.000000 0.950000 0.902500 0.857375
0.418120 0.440127 0.463291 0.487675 0.513342 0.540360 0.568800 0.598737 0.630249 0.663420 0.698337 0.735092 0.773781 0.814506 0.857375 0.902500 0.950000 1.000000 0.950000 0.902500
0.397214 0.418120 0.440127 0.463291 0.487675 0.513342 0.540360 0.568800 0.598737 0.630249 0.663420 0.698337 0.735092 0.773781 0.814506 0.857375 0.902500 0.950000 1.000000 0.950000
0.377354 0.397214 0.418120 0.440127 0.463291 0.487675 0.513342 0.540360 0.568800 0.598737 0.630249 0.663420 0.698337 0.735092 0.773781 0.814506 0.857375 0.902500 0.950000 1.000000
